4.0
4.0
4.0
5.0990195135927845
16.15549442140351
31.76476034853718
31.064449134018133
26.248809496813376
24.041630560342615
16.401219466856727
12.206555615733702
10.295630140987
8.54400374531753
7.280109889280518
7.0710678118654755
5.0
5.0
5.0
5.0990195135927845
4.123105625617661
4.123105625617661
4.47213595499958
4.47213595499958
5.0
5.656854249492381
6.4031242374328485
7.211102550927978
8.06225774829855
8.54400374531753
9.219544457292887
10.198039027185569
12.041594578792296
14.0
15.033296378372908
17.26267650163207
17.72004514666935
19.313207915827967
31.76476034853718
23.021728866442675
17.029386365926403
7.0710678118654755
2.23606797749979
2.23606797749979
2.23606797749979
2.23606797749979
2.0
2.0
2.0
2.0
2.0
2.0
2.0
2.23606797749979
2.23606797749979
2.23606797749979
2.23606797749979
2.8284271247461903
3.605551275463989
3.605551275463989
4.47213595499958
4.123105625617661
4.123105625617661
4.0
4.0
